4, Danny, New York
5,Miguel,Los Angeles
